TP=111 FP=377 FN=28 TN=87
Precision=0.22745901639344263
Recall=0.7985611510791367
